%YAML:1.0
---
model_type: PINHOLE
camera_name: camera
image_width: 960
image_height: 720
distortion_parameters:
   k1: 0
   k2: 0
   p1: 0
   p2: 0
# projection_parameters:
#   fx: 831.3843994140625
#   fy: 831.3843994140625
#   cx: 480.0
#   cy: 360.0
projection_parameters:
  fx: 831.3843994140625
  fy: 831.3843994140625
  cx: 480.0
  cy: 360.0
    g_Twc0 << 0.0, 0.0, 1.0, 0.0,
        1.0, 0.0, 0.0 ,0.0, 
        0.0, 1.0, 0.0, 0.0, 
        0.0, 0.0 ,0.0, 1.0;
    g_Camera_Intrinsic_l <<
        833.8, 0.0, 481.6, 0.0,
        0.0, 835.27, 360.766, 0.0, 
        0.0, 0.0, 1.0, 0.0,
        0.0, 0.0, 0.0, 1.0;
    g_Camera_Intrinsic_r <<
        832.287, 0.0, 481.66, 0.0,
        0.0, 833.94, 359.45, 0.0, 
        0.0, 0.0, 1.0, 0.0,
        0.0, 0.0, 0.0, 1.0;
    g_Camera_Tlr<<
        1.0, 0.0,0.0, 0.301922, 
        0.0, 1.0, 0.0, -0.00150702, 
        0.0, 0.0, 1.0, 0.00211,
        0.0, 0.0, 0.0, 1.0;
    g_Camera_Trl <<
        1.0, 0.0,0.0, -0.301922,
        0.0, 1.0, 0.0, 0.00150702, 
        0.0, 0.0, 1.0, -0.00211,
        0.0, 0.0, 0.0, 1.0;